audio.rate=48000
audio.type=int32

#mic.data.cutoff = true
mic.num=4

in.mics =0,1,2,3
rs.mics =0,1,2,3
aec.mics=0,1,2,3
#ref.mics=4,5
rdc=false

in.mics.big.0 =2.5
in.mics.big.1 =2.5
in.mics.big.2 =2.5
in.mics.big.3 =2.5
#in.mics.big.4 =2.5
#in.mics.big.5 =2.5

bf.mics=0,1,2,3

mic.pos.0= 0.00000000, 0.03000000, 0.00000000
mic.pos.1= -0.03000000, 0.00000000, 0.00000000
mic.pos.2= 0.00000000, -0.03000000, 0.00000000
mic.pos.3= 0.03000000, 0.00000000, 0.00000000
#mic.pos.4= 0.0, 0.0, 0.0
#mic.pos.5= 0.0, 0.0, 0.0
#mic.pos.6= 0.0, 0.0, 0.0
#mic.pos.7= 0.0, 0.0, 0.0

mic.delay=0,0,0,0

ns=0

light.angle0=0
light.angle.mul=1
